image_width: 1280
image_height: 720
camera_name: camera
camera_matrix:
  rows: 3
  cols: 3
  data: [635.8126831054688, 0.000000, 630.6987915039062, 0.000000, 635.1549682617188, 370.8315734863281, 0.000000, 0.000000, 1.000000]
distortion_model: plumb_bob
distortion_coefficients:
  rows: 1
  cols: 5
  data: [-0.055730096995830536, 0.06301514804363251, -1.0071948963741306e-05, 0.00022623641416430473, -0.019752835854887962]
rectification_matrix:
  rows: 3
  cols: 3
  data: [1.000000, 0.000000, 0.000000, 0.000000, 1.000000, 0.000000, 0.000000, 0.000000, 1.000000]
projection_matrix:
  rows: 3
  cols: 4
  data: [635.8126831054688, 0.000000, 630.6987915039062, 0.000000, 0.000000, 635.1549682617188, 370.8315734863281, 0.000000, 0.000000, 0.000000, 1.000000, 0.000000]

